-0.0010511398956816586,
-0.00043515020674420046,
0.00015573177865668437,
0.0006995993751541237,
0.0011782748982638908,
0.0015827497124777591,
0.001919989897489097,
0.0021912154327709305,
0.0023804705381060155,
0.0024781894922025136,
0.002494389498357997,
0.0024480882175571227,
0.0023638723223577186,
0.0022712158708597203,
0.002192109022968652,
0.0021373328514394004,
0.0021186794213764043,
0.0021468045211226897,
0.0022203800824158876,
0.0023347071148917616,
0.002488594848853765,
0.0026782026321453115,
0.0029066265947444653,
0.003185570777174584,
0.003515468618932429,
0.003888660992986536,
0.004306815562030309,
0.0047839325619985365,
0.005336672366815869,
0.0059585297305209724,
0.006590563647719209,
0.007130003963305386,
0.007482123348256485,
0.007619094304067059,
0.0075983080676703275,
0.007520842579612166,
0.00749244660536494,
0.007595906101874921,
0.007845368385865439,
0.008197452070721777,
0.008607654632772747,
0.009039665860196673,
0.009481635328949741,
0.009964353556338925,
0.010489317223030266,
0.010996986377202134,
0.01144633789410868,
0.011843132873210416,
0.01222245085509532,
0.012655524226681793,
0.013197538927159837,
0.013828266169756352,
0.014493525028425873,
0.015149114766310076,
0.015768519296541557,
0.016358912183217975,
0.016957613029707257,
0.01761789503214338,
0.018389061583226306,
0.01932228546164364,
0.020402511927576146,
0.021385862808791713,
0.02196107493959367,
0.022091663391218822,
0.022013049776273694,
0.02207923967561576,
0.02256981672473469,
0.02346430039205428,
0.024582933845313258,
0.025856530900808625,
0.027297616908536035,
0.02891221507446008,
0.030692028352492906,
0.03259341887832347,
0.034516901317418976,
0.0363086317439585,
0.037782439764814206,
0.038766835028783066,
0.03916743868866358,
0.03900151289548079,
0.03839063342854697,
0.0375215132822266,
0.03658610197469419,
0.03573313396678857,
0.03504567176964902,
0.03454235291607279,
0.034201581116774044,
0.033986652507191836,
0.03385194599966374,
0.033748600721455774,
0.033631763254909755,
0.03345927605206907,
0.033199141597075064,
0.032842667872253914,
0.03240048555856974,
0.03189142773621939,
0.031341037793586254,
0.03077481598371157,
0.030207839787275564,
0.029648611714657838,
0.029103051820024626,
0.028571144354468402,
0.0280541141469309,
0.02756335674739958,
0.027118681698770897,
0.026746746317103904,
0.026475970929123276,
0.02632900217480293,
0.026322799881465388,
0.026468567651040133,
0.026769290524139462,
0.027218672448230917,
0.02779287725603302,
0.028443145843240765,
0.029103855115726406,
0.02970145195514525,
0.030157566794709198,
0.03040374872774716,
0.03039882360810907,
0.03012584628245899,
0.029586526643701865,
0.02880470281921897,
0.027820216170784447,
0.02668259779842834,
0.025452769522659978,
0.024192410325115647,
0.022948386325728674,
0.021753542510911664,
0.020631588405639743,
0.019597503767178746,
0.018660790492095902,
0.017825064876327328,
0.017086591879835477,
0.01644126739445965,
0.01588625493891365,
0.015415236323947515,
0.015023078038284845,
0.014707174930100823,
0.014458182484029037,
0.014256745711473215,
0.014078098197443953,
0.013896271638523286,
0.013696751695640594,
0.013490188196079635,
0.013301074074602771,
0.013147592204788972,
0.013036954229453874,
0.012964010222761653,
0.01291186605219182,
0.012863225866527305,
0.012808791270666281,
0.012746828677279326,
0.012679701896135865,
0.012609647710188333,
0.012538600521514752,
0.012471233108496405,
0.01241556499430097,
0.012380743584197492,
0.01237410571720515,
0.012395463263751167,
0.012432897132555241,
0.012467855085932037,
0.012486258441251957,
0.01248501722426433,
0.012471870693719867,
0.012457788691175052,
0.012442269838733932,
0.012409251446053527,
0.012337736567487524,
0.012212614215987473,
0.012032788827540192,
0.011813759538088409,
0.011578730769918607,
0.011348451465474323,
0.011136909361601482,
0.010950080810742639,
0.010788480405717771,
0.010651409518758821,
0.010539197136007676,
0.010452771967950112,
0.010391361135067627,
0.010348287103628747,
0.010310501792382064,
0.010266549058288124,
0.010214722238052157,
0.010164219992473909,
0.010131493842261703,
0.010132302811266125,
0.010173454046719292,
0.010251298063455072,
0.010355508703098351,
0.010477501728398012,
0.010615364966526038,
0.010763108386889859,
0.010892745723247275,
0.010955972277506104,
0.010913678366863142,
0.010765437921638945,
0.010554532550870117,
0.010345108204842078,
0.010186135484416553,
0.010093750434023153,
0.010061446316852523,
0.010075142372614407,
0.010123718208040613,
0.010201526325618611,
0.010305120867888547,
0.010430881838418853,
0.010573872557781477,
0.010730106946970672,
0.01090062419053122,
0.011093633326546469,
0.011320761198495425,
0.011590078034284398,
0.011900423466854,
0.012239014138511363,
0.012579330361603245,
0.012883916705162188,
0.013116521721974347,
0.013256145952710395,
0.013304507694961365,
0.0132827780066618,
0.01322073256418075,
0.013142876918360635,
0.013066518647548889,
0.013005049743215839,
0.012966986193454804,
0.012955606138622181,
0.012976317116091044,
0.013039258197084654,
0.013155267824773852,
0.013331266786530864,
0.013563260433743276,
0.013844129245749119,
0.01416930737180581,
0.014540116969001102,
0.014963735241325358,
0.015436896413868658,
0.015940026434190457,
0.01644737967443544,
0.01692248809445226,
0.017327795196156105,
0.017645937065301865,
0.017876844067022078,
0.018040681987357043,
0.018166506827084303,
0.018274718700316293,
0.01838003052095092,
0.0184902206742801,
0.01861070019109564,
0.018748215440717652,
0.01890463961265573,
0.01908911182549166,
0.019322199192596215,
0.019637141521234483,
0.02008816033421787,
0.0206633728485436,
0.021241568365876175,
0.021691467766364707,
0.021983798226376187,
0.022220138589776516,
0.022603906392922053,
0.023292737936142498,
0.024290281678520098,
0.025567611940533193,
0.027097154911557907,
0.028841552474968328,
0.030808820897578956,
0.03298393490357532,
0.03537069917005868,
0.03796398280011034,
0.040699224224267784,
0.04354517290252985,
0.04639271985608144,
0.04908466193066485,
0.05152044560673253,
0.053558919641794,
0.055066319043587844,
0.0560049461936939,
0.05630822729500781,
0.05591876832949992,
0.054873704438798784,
0.05324692136798626,
0.05115236647165404,
0.04874909212089867,
0.04619733843247958,
0.04363551656702266,
0.041199617029117015,
0.03899143521213708,
0.037038796052149534,
0.035280539492654,
0.03359322903094575,
0.03182617214897604,
0.029887878345569975,
0.027824594014443375,
0.025761588676123708,
0.02390466784583489,
0.022443486408310058,
0.021387745352200952,
0.02068278064279521,
0.020179618479477437,
0.01967556643369601,
0.019127561629060937,
0.018590690808293828,
0.01813391534875208,
0.017847377168801554,
0.017741038490618526,
0.017753880344367475,
0.017868513391116378,
0.018080718808162703,
0.018370009815254874,
0.01872461648484737,
0.019143780970946437,
0.0196224310997654,
0.020167593731664074,
0.020799339452683915,
0.0214999102893838,
0.02228281915456055,
0.023168164739773536,
0.02413566060396106,
0.025193633715504562,
0.02633959203338696,
0.02758295230033529,
0.028923830219822082,
0.030323720656183772,
0.031815691459943306,
0.03338259503719015,
0.03501155079781927,
0.03679090916751097,
0.03872446821358699,
0.0408393504010413,
0.04327904889292678,
0.04600039586050733,
0.04902733952407834,
0.05247517201441601,
0.05621773617714287,
0.06025651578360974,
0.06470890595859242,
0.06958786699699535,
0.07496486005403931,
0.08085486248073326,
0.08707273190557398,
0.09340271451973195,
0.09959926846086443,
0.10528487018552235,
0.11007599140596037,
0.11362889969764857,
0.11578417568262665,
0.11652553412066831,
0.11600999056353492,
0.11457363899103144,
0.11268485116979732,
0.11089687892888314,
0.10966742433563231,
0.10935198112614329,
0.11022243283100538,
0.11231495954425066,
0.11555625883682555,
0.11985619221702898,
0.12489631791193945,
0.13021326092569965,
0.13539142986670916,
0.13977715629577875,
0.14293913891705534,
0.14467276534988383,
0.1448618625319584,
0.1436498413208262,
0.14136084745289534,
0.1383703998607785,
0.13514617926459377,
0.1321014358032783,
0.1294148889089169,
0.1273409396816603,
0.1259279272552238,
0.12520701728468048,
0.12506798770066527,
0.12539733345935133,
0.1259731694115159,
0.12658079699025007,
0.1269970916053505,
0.12690811345855216,
0.12611729177370545,
0.1242810284772457,
0.12124614405228576,
0.11704034531902888,
0.11163168629370993,
0.10513333222024196,
0.09781625635224031,
0.08985845403581193,
0.08169349132349531,
0.07354562684051734,
0.06559527533695268,
0.05817610713141683,
0.051239179606127894,
0.045003025328986944,
0.039561737259686945,
0.034633963072613606,
0.030381581813198656,
0.026735743526671053,
0.02347856907798251,
0.020693046117745344,
0.018265619552771138,
0.01610922268644141,
0.014305139046234113,
0.012736218407168182,
0.011390740974088244,
0.01029271186151643,
0.009377055328089886,
0.008612740760343884,
0.00794671810410396,
0.007318463674038327,
0.006685806051912316,
0.006047522481309494,
0.005416417649591382,
0.0048240799736940536,
0.004310431879739335,
0.003869260420597277,
0.003499732615903216,
0.0031982896609485155,
0.0029470634619866813,
0.00274302856192162,
0.002584019588772316,
0.0024572512849975045,
0.0023631238090257053,
0.002301750905757816,
0.002261865675457464,
0.0022418656982944396,
0.0022410313256135605,
0.00225173909516219,
0.002269306238467624,
0.0022926325566100993,
0.0023149463565629897,
0.0023363924277830348,
0.002359202075888718,
0.002378254939037651,
0.002395647844838015,
0.0024081489582825975,
0.002409897275048515,
0.002400985268920421,
0.0023809969135875687,
0.002350906800599903,
0.0023160530315000263,
0.0022802762890341676,
0.0022456673544797474,
0.0022145911125103263,
0.002189755733630746,
0.0021708005548585216,
0.002156610354018415,
0.0021483303850134707,
0.002143914764919607,
0.002141645170902608,
0.00214188075401046,
0.002142332459745457,
0.0021412123656554777,
0.0021377064034268246,
0.002130899702964761,
0.0021194104451792224,
0.002103862587214424,
0.002086484236273577,
0.002069474856415484,
0.002053649276104856,
0.0020393130150724503,
0.0020280124512698987,
0.0020189978704114927,
0.0020117616724077032,
0.002007212806411836,
0.0020029944250757733,
0.00199857545922081,
0.001995765635006224,
0.001993332926716804,
0.001990727030579346,
0.0019883777534108575,
0.0019865927914828616,
0.0019851193924538355,
0.001983067145859584,
0.001981492753123881,
0.001979985587246139,
0.00197743950124593,
0.004933702834928949,
0.004959663654162836,
0.004985958147709006,
0.005013660688032943,
0.005042128015229292,
0.0050700262985365115,
0.005098495321571876,
0.005127803302378665,
0.005157132889037713,
0.00518731720988759,
0.005218457788490034,
0.005249607470954693,
0.005280949494710427,
0.005312556050853807,
0.005344336370117329,
0.005376751281127129,
0.005409671410277264,
0.005442954453166337,
0.0054766924128012,
0.005510618830441874,
0.0055448013946957,
0.005579263457556207,
0.005613786237774783,
0.005648514754752337,
0.005683676399300727,
0.005719322616625919,
0.005755588584156719,
0.005792668931797959,
0.005830683269487948,
0.00586995887514111,
0.005910575536618807,
0.005952485297132873,
0.00599598550023599,
0.006040800788031598,
0.006086930757131225,
0.006135345843152401,
0.0061863047271457665,
0.006239841533696564,
0.006296056976278009,
0.006354519135507208,
0.006415833231205107,
0.006480815830318664,
0.006549218599080526,
0.006621103207735516,
0.006696551193086901,
0.006774763535496272,
0.0068549275731574,
0.00693621684539969,
0.007016654895515646,
0.007094015496651543,
0.007166755827540899,
0.007233479144171427,
0.00729374755544294,
0.007348428510910578,
0.007398507639743627,
0.007444996949908567,
0.007489478759690144,
0.007533819743543934,
0.0075791121654529775,
0.007625620746248071,
0.007673760040982671,
0.007723611281307749,
0.007774982860948302,
0.007827811306018326,
0.007881123037600414,
0.007933851816275081,
0.007985816620541928,
0.008037124152949304,
0.008087892974645275,
0.008137580758142852,
0.00818565035014144,
0.008232500609614057,
0.008278287664896666,
0.008323372021008765,
0.008368496921922335,
0.008413461109284329,
0.008458632831533761,
0.008505377262506018,
0.008553923231373111,
0.008603597536965032,
0.008654184845622219,
0.008705580882727297,
0.008757408694630136,
0.008809980370070596,
0.008863437044815337,
0.008916562511490103,
0.008969021300558452,
0.009021301553755915,
0.009072860243504309,
0.00912386135898696,
0.009174982285479406,
0.009225607942417979,
0.009275628139051405,
0.009325962405791229,
0.00937652516806588,
0.009426638382894929,
0.009476165608243116,
0.009524707043069711,
0.009571935551369906,
0.00961861555411112,
0.009665421693090778,
0.009711844301488894,
0.009757085404069823,
0.00980136518906798,
0.009845323032408442,
0.00988887328689526,
0.009931991653046524,
0.009974515411686286,
0.010015748716830962,
0.010056022992980019,
0.010095996437920654,
0.010135671979183006,
0.010175762381132507,
0.010216951725922517,
0.010258772137693509,
0.010300804439560985,
0.010343173506671315,
0.01038607602694416,
0.010429703963390873,
0.010473839927736142,
0.010517728922414983,
0.010561368485053381,
0.010605491861071455,
0.010650296680254108,
0.010695657454450993,
0.010741350775572651,
0.010787447192416649,
0.010834659783197519,
0.010883350168864336,
0.010933674585096283,
0.010986149943431413,
0.011040878394542573,
0.011097916850268537,
0.011157724835506467,
0.01122029198573266,
0.011285695355869886,
0.011354534091276383,
0.01142662606914885,
0.01150143675809934,
0.011579420375974968,
0.011661006829558451,
0.011745958209162832,
0.011833740460525892,
0.011923402314147036,
0.01201453670013034,
0.012107491036751182,
0.012202504934465955,
0.012299268138788164,
0.012396993274417017,
0.012495426486353796,
0.01259460409196221,
0.012694199156976048,
0.012793790823774236,
0.01289281776123234,
0.012990905602294687,
0.013087686235796286,
0.013182594719939955,
0.013275393810596838,
0.013365560618706357,
0.013452408623040694,
0.01353587409016225,
0.013615937243086837,
0.013692422932520014,
0.013765017538552242,
0.013833768694325526,
0.013899306295645467,
0.013961649658849003,
0.014020448164785265,
0.014074899361148216,
0.014123392463584886,
0.014165588306481626,
0.014203005223844406,
0.014237630517597593,
0.014271356985269205,
0.014305525723103639,
0.01434046551386278,
0.014375894433216397,
0.014411921749371974,
0.014449016647997644,
0.014486983129545813,
0.014525546212268809,
0.014565006194108068,
0.0146053417702384,
0.014646850119952346,
0.014689873933802161,
0.01473340629751646,
0.014776970003530794,
0.014820579922946565,
0.014862811833787067,
0.014902599568569501,
0.014939889465477292,
0.014974039942564684,
0.015004473702430538,
0.015031301804749677,
0.015054552147266791,
0.015074318703624625,
0.015091151107350603,
0.015104648190945265,
0.015112964515654448,
0.01511517917554005,
0.015111678242649463,
0.01510269318002092,
0.015088051273267985,
0.015067575081152996,
0.015041522481051135,
0.015010440198848986,
0.014975689095783647,
0.014939097250679583,
0.01490196288005626,
0.014865450103604573,
0.014830552913946707,
0.0147983666715538,
0.014769187469687644,
0.01474146063677494,
0.014713953983799365,
0.014685962119621988,
0.014657024985961609,
0.014628217795064229,
0.014599581232007266,
0.014569805391242096,
0.014538247838054984,
0.014503121192026769,
0.014461737966686834,
0.014411626432440879,
0.014350485039829072,
0.014277079366296321,
0.014190515904268942,
0.01408974466831219,
0.013974618442783885,
0.013844120057939426,
0.013695718429026874,
0.013529933773962168,
0.013350560985754356,
0.013162032856772508,
0.012969836771559022,
0.012778627576931528,
0.012591062158220189,
0.012409735994672311,
0.012236459814380703,
0.012069822310565421,
0.011906481343411686,
0.011745326414624918,
0.011586909938982226,
0.011429395933243217,
0.011270501698248165,
0.011109537168718972,
0.010945427868064735,
0.010777075132683538,
0.010603202698882213,
0.010422090417789165,
0.010231781088298272,
0.01003250100045029,
0.009828900261366836,
0.00962298252385904,
0.009413883800862092,
0.009204345378099884,
0.008995622437184842,
0.008787763296572835,
0.00858388725132542,
0.008383454142671129,
0.008182786980586087,
0.007981904212654859,
0.0077826648065500775,
0.007586111395743042,
0.0073909261857498425,
0.007192476703736868,
0.006987567614022589,
0.006776780782515187,
0.006562322230256498,
0.00634599494367201,
0.006125918435254365,
0.005898383381393102,
0.005662570379705054,
0.00541961796891783,
0.005171153717898991,
0.004916907943318169,
0.004652756142816232,
0.004376420378888511,
0.00408927430890585,
0.0037927638457918847,
0.0034878604905789474,
0.003172645663440592,
0.002845014486022897,
0.0025072819301258493,
0.002162267782059607,
0.0018101475162152145,
