-0.00044428310170308477,
-0.00017155347983667627,
9.184735660049348e-05,
0.0003388735820461213,
0.0005586404448947907,
0.0007473942864917186,
0.000904006170096858,
0.0010245867096675852,
0.0011037422854730486,
0.001139393330436959,
0.001138875899643565,
0.00111254272690686,
0.0010695211314947304,
0.0010214866751853265,
0.000979034900394895,
0.0009484577496136623,
0.0009340709881078618,
0.0009388697374730309,
0.0009635172674692905,
0.0010061292821632246,
0.0010648255583204957,
0.0011389904802543778,
0.0012286968393303897,
0.001335646307162199,
0.001460765639004418,
0.0016018198446860357,
0.001758714508567402,
0.001937623849978717,
0.002144820825894853,
0.0023777541395246225,
0.0026178460618067455,
0.0028295484757779018,
0.0029767654550757923,
0.003047204495661788,
0.0030594201737285617,
0.0030488389912894888,
0.003055597458820982,
0.0031132545744251222,
0.0032295746632615427,
0.0033895488817009983,
0.0035754096109641303,
0.0037703976893213613,
0.003969961749171911,
0.004187138816983237,
0.004418477292019555,
0.004638633367352967,
0.004834136841478824,
0.0050078524502396565,
0.005175891837093608,
0.005368250139664526,
0.005602890074090583,
0.0058710053483313745,
0.006153456945964435,
0.006431233202364516,
0.006691814419062863,
0.006937137055875181,
0.00718112721943024,
0.007445005595350886,
0.0077489127782794836,
0.008114977845508665,
0.008540074702636275,
0.008929021939005388,
0.009158977967830162,
0.009214502355259281,
0.009187142882290819,
0.00921784222118609,
0.009419544362683134,
0.009784852920315083,
0.01024259076088162,
0.010766079184392187,
0.011361796763021757,
0.01203461771299863,
0.012783517348772647,
0.01359031132765988,
0.014410595010549384,
0.015174880078756663,
0.015798372579245847,
0.01620370813373035,
0.016349663148205084,
0.016245243161222077,
0.015946227530202573,
0.015538292130801108,
0.015109278115663375,
0.014726643903007049,
0.014427645809064641,
0.01421921527906477,
0.014089307768107531,
0.014020061762385672,
0.013990098913989604,
0.013975944044858135,
0.01395632069534941,
0.013912193009906029,
0.01382910815695861,
0.013702953036570766,
0.01353824046537568,
0.013342767061225003,
0.013127318477320807,
0.012902813046636923,
0.012675754905197243,
0.012450082609970204,
0.01222878771356406,
0.01201295416622408,
0.01180456846543192,
0.011609622629971759,
0.01143732511062733,
0.011298350747130035,
0.01120293524786878,
0.011159523244498155,
0.01117495831158303,
0.01125413014788371,
0.011398598363405203,
0.011605517283241863,
0.011864409061735106,
0.01215410417085198,
0.012445924103385266,
0.012707907485898404,
0.01290623782573696,
0.01301211995326935,
0.013008992838190316,
0.012889545443668157,
0.01265462857842658,
0.012315283841487834,
0.011888346874283641,
0.011394936396044032,
0.010861341956180071,
0.010313970743886427,
0.00977418189735154,
0.00925722577143946,
0.008772834250201905,
0.008326838926699658,
0.007923311638621566,
0.007563930845039512,
0.007246624869679145,
0.00696852570031081,
0.006727666741661915,
0.006521635497312689,
0.006349661815839554,
0.006212396001477553,
0.00610617902355039,
0.006020860901858351,
0.005943285611617631,
0.005861229138806406,
0.0057694735345277266,
0.0056752453598912355,
0.0055912705382775135,
0.00552487441456017,
0.005477403571946164,
0.00544570788777313,
0.005421637727991941,
0.005396351645364067,
0.005365206640584344,
0.005328571549022663,
0.005290512242621047,
0.005255957651979272,
0.005227750467360802,
0.005206606709177205,
0.005193137617340874,
0.005188634843687641,
0.00519473393707268,
0.005210907597214363,
0.005231097172803653,
0.00524535141386584,
0.00524528832544498,
0.005227845630544529,
0.005197141554409053,
0.00516143640757788,
0.005124487276116765,
0.005082518874130878,
0.005028431820230819,
0.00495640395386883,
0.004866744217918443,
0.004766947869295217,
0.004666618755435752,
0.004573616413889964,
0.004492566891193343,
0.004423992567773152,
0.004366334360635627,
0.004318233166463986,
0.004278828826349127,
0.004248163822738823,
0.00422645953797723,
0.004211004805657567,
0.004195744200545382,
0.004175466479452577,
0.004149506413152543,
0.00412217559952302,
0.00410094515031658,
0.004092823674415405,
0.004100567945168076,
0.004122467654523914,
0.004154721144345328,
0.004193978762530375,
0.004238951826095573,
0.004286969472332012,
0.004327141555849521,
0.004341577129727546,
0.004316679032626182,
0.0042536406648006056,
0.004169943191106876,
0.004090178013850893,
0.004032434840270659,
0.004001888470515297,
0.003994874940582706,
0.004005056550156576,
0.00402746022967652,
0.004059461942533516,
0.004099961738496289,
0.004148405253752156,
0.004203509608455145,
0.004264148349011607,
0.0043311469393254145,
0.004407871982428614,
0.004499461929354747,
0.004609715101738837,
0.004737841962152626,
0.004877861499297824,
0.005017391374040499,
0.005139045616818072,
0.005226834956583756,
0.005271954902062425,
0.005276354451425297,
0.005251307018329711,
0.005211061893775397,
0.005167102630765587,
0.005127550374414168,
0.005097831576839551,
0.005080715096363449,
0.005076694851020295,
0.005087086856872227,
0.0051161830624487465,
0.0051690284469754775,
0.005247153677110586,
0.0053461774960644965,
0.00546064401727322,
0.005587369008201188,
0.005727113516980286,
0.005883484901460609,
0.006055805032527811,
0.00623733394678006,
0.006419910173979362,
0.006593271432538273,
0.006747166207337274,
0.006877449460900331,
0.00698451324763232,
0.0070736691094496346,
0.007152250220232544,
0.007225348014555688,
0.007297642571094481,
0.007372303760537509,
0.007450891691518315,
0.007534916709602744,
0.007624079902236976,
0.007720559831265916,
0.007832592907042827,
0.00797564563750511,
0.00817429095297944,
0.008426807076858493,
0.008685113239906991,
0.008894984869287288,
0.009043843851197489,
0.0091726384905414,
0.009363198121285526,
0.009678757280966625,
0.010120796905268051,
0.010676450278942737,
0.011335422347609403,
0.012084862633713231,
0.012927563025486017,
0.013858147756301129,
0.0148767878221875,
0.015979946501659806,
0.017142301210154504,
0.018346775357207586,
0.019547765802731765,
0.020682251514385127,
0.02170686331033766,
0.0225647919325819,
0.02320215385450953,
0.023597823487700544,
0.02372248222212899,
0.02355357833774877,
0.023105501211849948,
0.02241014156099275,
0.02151721512295965,
0.020493432620719565,
0.01940512775854422,
0.01831099460997384,
0.01726975214103378,
0.016327141728489845,
0.015497656803081539,
0.01475467872817839,
0.014040699715336315,
0.013287379561593829,
0.012456116018389144,
0.011568277445156191,
0.010680704619858388,
0.009881518925531897,
0.009249075885682051,
0.008796787635000365,
0.008509043223848075,
0.008314545252177107,
0.008108133842180829,
0.007854959968056062,
0.007577112862473557,
0.007322554882218335,
0.007150866717201833,
0.007073610809505092,
0.00705961633586796,
0.007093784637499233,
0.007170586855553383,
0.007280498814325504,
0.007417359843802026,
0.0075802787260562925,
0.007768518365912673,
0.007985518013974981,
0.008238989607294222,
0.00852381998949748,
0.008845075285017752,
0.009210042425235782,
0.009612718345521886,
0.010057023147891479,
0.010542001264911642,
0.011069287950647613,
0.011636493680815789,
0.01222683525885372,
0.012844711016800296,
0.013481741341770851,
0.014135343815059515,
0.01484156885968009,
0.015612227461004062,
0.016465151676346365,
0.017453534000524244,
0.018567047245678474,
0.019815905808730466,
0.021240291911540376,
0.02279828021032315,
0.02449133883510935,
0.026363278990609477,
0.028423160878160547,
0.030697287012584007,
0.03318760890002163,
0.035820896891730944,
0.03850626392232526,
0.04113621403135261,
0.043552743691788486,
0.04559392302211925,
0.047115034341180424,
0.048045450044651154,
0.04837867174542725,
0.04818341620697815,
0.0476046502368868,
0.04684238452021945,
0.04612847329128044,
0.045657085941245235,
0.04557750111046661,
0.045999347535955755,
0.04693841077946055,
0.04836382377623683,
0.050231107907668056,
0.05240646007049419,
0.05469670558348914,
0.05691795665454082,
0.058801704186979366,
0.06016525475926344,
0.0609165372950685,
0.0610113243895597,
0.06051438350422726,
0.05956190721917803,
0.05831327549633364,
0.0569619468685162,
0.05567600285844746,
0.05453825350380648,
0.05365449062953188,
0.05304747657206877,
0.05272541870438215,
0.052646681429699804,
0.052763768503256696,
0.052987023832050666,
0.05322556812784618,
0.053381295854443234,
0.05332348991191893,
0.05296453935243132,
0.05216995497720248,
0.05087436346401863,
0.04908096493395986,
0.04678287234079024,
0.044030563164427966,
0.04093317355517177,
0.03757384954391291,
0.03412496544473272,
0.030684972522076887,
0.0273350606357644,
0.024204616839504128,
0.021286225486279873,
0.0186622636171961,
0.016367216337838185,
0.014303241716353918,
0.012521534122394847,
0.010992100867621096,
0.009633329000071742,
0.008469150409395804,
0.0074567145936489145,
0.006564927502075922,
0.005820977684909563,
0.005184264191679191,
0.004650845323270897,
0.004227767866006721,
0.003888631341734815,
0.003614210717991008,
0.0033736183573945607,
0.0031324858067663564,
0.0028682697787609326,
0.002581080304249042,
0.002283704323279829,
0.001999543889701332,
0.001751309568968866,
0.0015402764247337208,
0.001366288069629328,
0.0012260716593917936,
0.001111377566547196,
0.0010202792536005867,
0.0009504720589643807,
0.0008965848389488786,
0.0008584974317348028,
0.0008355419830775286,
0.0008234337807516928,
0.0008209148783430009,
0.000827000851890804,
0.0008389191911961793,
0.0008543006103813987,
0.0008717497898045253,
0.0008886998846432936,
0.0009047268542348798,
0.0009205112679066496,
0.0009349780188809409,
0.0009483319639475276,
0.0009585845165675401,
0.0009630447565589294,
0.0009608012421045704,
0.0009519723338972037,
0.0009379895564711197,
0.000921445969526571,
0.0009044820843611447,
0.0008883250181743288,
0.000874180961218065,
0.0008636359517690719,
0.0008565337987982554,
0.0008519567473340581,
0.0008501901973294588,
0.0008504076656312081,
0.00085172787277775,
0.00085412867699178,
0.0008563756479767319,
0.0008573697361850037,
0.0008567517212625504,
0.0008539006991164485,
0.0008480468001040776,
0.0008395367370216943,
0.0008296162565243276,
0.0008197209863407669,
0.0008105330543587148,
0.0008024321190688158,
0.0007960798373278455,
0.0007911558546647359,
0.000787465266132849,
0.0007851239961531398,
0.0007832404101706331,
0.0007816549245003879,
0.0007807981445463836,
0.0007801956376017443,
0.0007796615027354101,
0.0007793353262004642,
0.0007794422460797996,
0.000779785146731711,
0.0007798240043628976,
0.0007799286904816482,
0.0007800793966525926,
0.0007798421749077348,
0.0023055193849839404,
0.002318159788311511,
0.0023308860485331566,
0.0023436769219144253,
0.0023565798552866403,
0.002369787155716495,
0.0023837418745807954,
0.0023980633749129125,
0.0024122585086324877,
0.002426657518720314,
0.0024413600307778317,
0.002456066376513227,
0.0024706336559496833,
0.002485103510749276,
0.0024998009229235127,
0.002514972973605751,
0.0025304537430451673,
0.002545959863412085,
0.002561390050123563,
0.0025768852894201867,
0.002592523141555515,
0.002608335085082868,
0.0026244442274773725,
0.002640700580755124,
0.0026570025391125843,
0.002673426632301818,
0.0026899781713353825,
0.0027068551516522257,
0.0027242886273786547,
0.002742386393052697,
0.002761039255427587,
0.002780106967936756,
0.0027997181438312556,
0.0028198290288643096,
0.0028405785127797317,
0.0028624241054386705,
0.0028852601030084166,
0.0029090470354945375,
0.0029340220916659,
0.002959979200238986,
0.002987086329333352,
0.0030157396749330044,
0.0030457696293896843,
0.0030771875504506914,
0.0031102976833995988,
0.003144819187656286,
0.0031801169730600247,
0.0032158297589565863,
0.0032510930108874876,
0.003284839283918037,
0.0033167643380293543,
0.003346300217062618,
0.0033730409853547374,
0.0033974376083973626,
0.0034196577435261005,
0.003440291161633065,
0.0034604554023361343,
0.0034806686555163124,
0.003501318668914679,
0.003522470749185039,
0.0035440461231574312,
0.003566405611395141,
0.003589566479856306,
0.003613239459044119,
0.0036370464391154624,
0.003660585438333621,
0.00368393323218482,
0.0037072241738702123,
0.0037302294893536143,
0.003752573398297787,
0.003774186691242532,
0.00379538771846622,
0.0038162849131946823,
0.0038369635881034692,
0.0038575499301806027,
0.003877956848654582,
0.0038986358263045306,
0.003920164833725314,
0.003942336757674964,
0.003964789946541407,
0.003987542973450045,
0.004010788377300928,
0.004034468233204776,
0.004058464908781853,
0.00408262840758676,
0.004106476054652179,
0.004130187199181373,
0.004154135853803337,
0.00417777921656054,
0.004201033262023651,
0.004224158935084144,
0.004246920777008313,
0.004269623686593971,
0.004292607164051177,
0.00431554575565017,
0.004338220373030628,
0.004360467739814057,
0.004382175871024542,
0.004403657130830154,
0.004425149791735618,
0.004446518519324745,
0.004467594480860051,
0.00448816896913732,
0.004508280552157312,
0.004528294973339344,
0.004548116534188498,
0.004567588928789231,
0.004586898428539146,
0.004605790702545529,
0.00462412125694618,
0.004642191423213591,
0.004660005780726808,
0.004678044589727834,
0.004696785790019611,
0.004715565908210743,
0.004734291386051028,
0.004753421478921251,
0.004772717265005428,
0.004792333546624397,
0.004812396232783051,
0.00483214876726553,
0.004851549184546493,
0.004871202118637094,
0.004891000286307728,
0.004910747801759862,
0.004930607159773422,
0.004950821728471842,
0.004971585730493716,
0.004992978030491179,
0.005015129224415966,
0.005037966474209714,
0.005061483594724937,
0.0050861209812207335,
0.0051120030783692325,
0.005138967445441062,
0.005167160275370225,
0.005196694177719153,
0.0052274853241158345,
0.005259475246932305,
0.0052927599770597085,
0.005327521830309076,
0.005363796409139155,
0.005401275659334694,
0.005439441131729099,
0.00547820431439481,
0.005517640359853552,
0.005557775306695548,
0.005598825221244565,
0.005640469824476495,
0.005682310421480118,
0.005724446089160988,
0.005766651656146725,
0.005808500632503325,
0.005849994821449064,
0.005891320332883856,
0.005932225133003901,
0.00597228879022995,
0.006011280569322692,
0.006048761644224838,
0.006084581648618799,
0.006119048341742181,
0.006152146526675906,
0.006183669285784586,
0.006213469820284077,
0.006241718458433796,
0.006268769720424218,
0.0062943925208270995,
0.00631828226038807,
0.006340176926986235,
0.00635930923911139,
0.006375652609313411,
0.006390281076153052,
0.006403853435063844,
0.0064168493150083515,
0.006430080328614599,
0.006443620465523673,
0.0064572222442366226,
0.006471138130336604,
0.006485326073538912,
0.006499426603535714,
0.006513634751947071,
0.006528304485913827,
0.006543353219284089,
0.0065589810971388475,
0.006575207835007642,
0.006591366613884638,
0.006607437599023468,
0.006623254162389312,
0.006637998292202227,
0.006651831410661324,
0.006664755468238089,
0.006676055529238541,
0.006685584921179626,
0.0066931252916798715,
0.006698764890232134,
0.006703210763993268,
0.006706419708557371,
0.006707756621923969,
0.006706613283368922,
0.006702743370406205,
0.006696524998084015,
0.006688239885359545,
0.0066775964980275,
0.006664181628342672,
0.006647946493602292,
0.006629288255969803,
0.0066088824781973185,
0.006587453090852039,
0.006565578845576411,
0.006543595989366746,
0.006522021165338288,
0.006501645034442412,
0.006482426009895745,
0.006463546278443983,
0.006444548628207743,
0.006425061691112396,
0.006404981856770181,
0.006384845816797793,
0.00636454408122104,
0.006343509206919088,
0.006321545798991091,
0.00629785948724203,
0.006271048689581075,
0.006240136144147629,
0.0062045374026618826,
0.006163761577121976,
0.006117597032335168,
0.006065732155390117,
0.006007723643166757,
0.005943105115578012,
0.005871234820277705,
0.005792733919112108,
0.005709380272626055,
0.005622768925912779,
0.005534804014368579,
0.005447151777996553,
0.0053609327712131885,
0.005277658228395629,
0.005197943265201633,
0.005120541913138172,
0.005044381355896809,
0.004969498090450721,
0.004895743742194859,
0.004822460211020794,
0.004748863772138835,
0.004673995898975569,
0.004597634851148071,
0.004519973229604452,
0.00443984652304452,
0.00435599176473151,
0.0042680368177297045,
0.004176378998607324,
0.0040826325037978594,
0.003987497559363693,
0.0038910508564162383,
0.0037944296501707707,
0.0036979017083753367,
0.003601587576993502,
0.003506489533185015,
0.0034123268790910454,
0.0033181848526827053,
0.003224130355518944,
0.003130351600292602,
0.0030369430084139838,
0.002943787585446153,
0.0028493362378690743,
0.0027518156887859236,
0.0026512187929871598,
0.0025484411462530433,
0.0024440060701702705,
0.0023376258021896995,
0.0022283061526253674,
0.0021154781604398177,
0.0019996657505306726,
0.0018812429170881864,
0.001759286012909731,
0.0016324588710623957,
0.0014999990153597893,
0.0013621198957640167,
0.001220367499249966,
0.0010757175522352572,
0.0009270921307442129,
0.0007733785127646539,
0.0006145021567817751,
0.0004512227864433858,
0.00028402503973156117,
