0.002846832144671923
-0.018839883700518537
-0.027948968588563532
-0.03353150457629549
-0.036906584457266016
-0.040810515900228495
-0.044662265856742954
-0.046949368685886575
-0.04856586332607717
-0.05040342979563859
-0.052647265913729493
-0.05421415078693273
-0.04844529448205259
-0.035098252638468413
-0.022938346247735254
-0.015066913203123962
-0.009880255371833725
-0.005786442487272627
-0.0027022632291671747
-0.0002760146761844946
0.0019283633891784679
0.003678777710572264
0.0053487299217811705
0.0075821284669055486
0.01016416804133929
0.012805144276949301
0.01538807989980802
0.017677508688990016
0.019675924275753907
0.0213718379531385
0.022456104283792966
0.022794842330440483
0.022551395571127793
0.021934509620766554
0.021163081480870944
0.02039178923121094
0.019681711578189383
0.019112447522716913
0.01861778656920392
0.01797969384886266
0.017198615552594863
0.016459143391562025
0.01587088596181559
0.015535755791798328
0.015505941688357755
0.015549553254846192
0.015402622168725262
0.015069922012020228
0.014629346028833418
0.014222923289146141
0.014035154344603116
0.013993202566542065
0.013950393965594655
0.013918344534961399
0.013937189555620953
0.014049689953285422
0.014323752357308032
0.014813602915340684
0.015587256785969792
0.016843131290708312
0.018726723727507846
0.020718995955082618
0.021890962779314415
0.021841290584307282
0.02080630736031805
0.019525866201472203
0.018896633535076878
0.019027947489371675
0.01940872898478174
0.01973624608178785
0.019892085714607766
0.019731498208337805
0.019149659516148783
0.01819799673529167
0.017097304383852756
0.016141669034861788
0.015601005039999338
0.015602167170168659
0.016111384195523933
0.017053414824153543
0.018370200483422836
0.01996468253679093
0.021637714396963287
0.023068409524367187
0.023917386053605848
0.024068387599771156
0.02365087610480767
0.022830875551957414
0.02176769281449436
0.02064398265162056
0.019581667122164012
0.01861305362744738
0.01773636584090534
0.01692491693212282
0.016144010454594508
0.015386230334049924
0.014658391911276521
0.013969142873505138
0.013323981652508133
0.012715271657854682
0.012118873131969458
0.011463766943459927
0.010647247006193314
0.009562680759584182
0.008092458123860325
0.006198438684714853
0.003935905951684427
0.001362179127049327
-0.0014082464870984292
-0.004142885091414043
-0.006543731098251718
-0.008367226740979243
-0.009592738928885661
-0.010422420226068478
-0.01110614020643253
-0.011820975022635306
-0.012628572161876619
-0.013558589308200784
-0.014646067375577868
-0.015814068825755027
-0.01699993515643874
-0.01820800717982133
-0.019298828747013014
-0.02010844273390285
-0.020500151949794872
-0.02031016839245095
-0.01962755458520094
-0.01867025143914724
-0.017468409601246786
-0.016019355960804598
-0.014413291917957068
-0.012735164724342423
-0.010903533626254963
-0.008644481636816963
-0.0057544062964361925
-0.002327731490490972
0.0012962919389681183
0.004761294040685628
0.007849784787813806
0.010457612282597294
0.012564746663838484
0.014224831709841467
0.015506477479897614
0.016410132271399133
0.016980604232593097
0.017461433157984166
0.018073247029913735
0.018854429375820835
0.019851200984363847
0.02117112902442888
0.022809545606942226
0.024558462510068244
0.02604147849496151
0.026857725187132843
0.026850226668468983
0.02619946566955394
0.02523500387069524
0.024253654360539948
0.023414029052123246
0.022748411738248472
0.022341974092005085
0.022391612816480822
0.023139854835691878
0.024791534945071036
0.027302201237385488
0.03032304075939178
0.03343389165288415
0.03629076073203127
0.03869458179400163
0.04060662313703833
0.041980981246494124
0.04274332501794367
0.04291677174177006
0.042573736239283205
0.04180339709444075
0.04077563951210348
0.03965017292461396
0.038504558793405246
0.03741773041392799
0.03641793623356549
0.03545606997940103
0.03455873302132839
0.03385064184978672
0.03344313917586859
0.03337468322570959
0.03361124110326259
0.034073765750822604
0.03467672027043188
0.03539905044631065
0.03624813787270762
0.037153476860810594
0.03806732407697283
0.039018809364239244
0.04001662106883914
0.04100861966998333
0.041836252313693895
0.042286703471158496
0.0422068643298252
0.041588752414129945
0.04061816272914661
0.039547625337775026
0.03855587234920016
0.0377442260735231
0.0371393647006493
0.03672471914170423
0.03648297221093434
0.03635740242521464
0.036247899657994714
0.0361023546205487
0.035907698532810096
0.0356538528686301
0.035352760630257996
0.034977805676565776
0.03449196333702514
0.033916012324976035
0.033302520840297646
0.03275823859922393
0.03239955238056845
0.03226836702268368
0.03236908105256819
0.03263724124359774
0.03295619986617055
0.033271528590103114
0.03356074976241851
0.03381354598804116
0.03407602537677366
0.03442708917569696
0.034931280897062815
0.03564347868957143
0.03653781553510467
0.037500447001590886
0.03848755496893696
0.03954762172752242
0.040762379167535126
0.04220300670596588
0.043888597148744365
0.04581830937311754
0.04796889722952955
0.05024520805535762
0.05246563634982025
0.05427009274722213
0.05530758170094409
0.05542705103210842
0.0546349100194013
0.0531484702093081
0.05128862125399965
0.049295908170468326
0.047285075727795264
0.04524353363696808
0.043204510257558726
0.041287776413287534
0.039612978784010176
0.03832999041674957
0.03742708569363718
0.03668567303143193
0.03590113890084361
0.034938891057739146
0.03381194610912957
0.03256470011287566
0.03107904850274292
0.029198259102116493
0.026983654751884703
0.024668702745669083
0.022375720257683772
0.02025702363131178
0.018221011265523633
0.016012648523013904
0.013663888806814139
0.01106004596165183
0.008322792823730133
0.005614250588710654
0.0028217494584755827
0.0003871063939560833
-0.0016860804100132867
-0.003711322107261505
-0.00558274386240289
-0.007491212806457137
-0.009603657750260938
-0.011311385085491543
-0.012422905342064408
-0.013080923815929209
-0.013082970205490553
-0.012402045745515514
-0.011082166099107102
-0.008898087214891793
-0.005650404099622059
-0.0016657151627939306
0.002310915811364992
0.005340022946771626
0.0069371371389031055
0.007557270328760566
0.008212909319194642
0.009683850959457743
0.012206854064942457
0.015806051586326128
0.020121938943230076
0.02480074372916971
0.02952412679206949
0.03227252716719167
0.03183751438541021
0.029853259057019594
0.02882305761306783
0.03040023505282058
0.035554957717059965
0.04336564628938678
0.05055671983159737
0.05497507493291919
0.05741770948603554
0.05895655621701076
0.05988054257955885
0.06025055863856544
0.06033431938621511
0.060274284645214345
0.06001557371093471
0.059553493576156455
0.058930119323497766
0.05801633913266248
0.056945329044648524
0.055840323452844835
0.0545544840417905
0.05309945294877778
0.05147364907882611
0.04992114101250361
0.04860764910769068
0.047494490765120946
0.04724707304202894
0.04786195885002704
0.04905493693936007
0.05089153666785261
0.052608665753211464
0.05375818862851995
0.054955204524830915
0.055591867794877396
0.05563226351884528
0.055849462375296206
0.05563751470406632
0.0550782711538136
0.054467442993907114
0.053160141974806244
0.05105266815247213
0.048323331526384926
0.04464934765858801
0.04018652369060742
0.035475872949725436
0.0307749696075528
0.02645718583892831
0.02275528593733257
0.019952251616745298
0.017938984163618804
0.01636504612696906
0.014764446061212546
0.012702793122292232
0.01002221040955408
0.00656840804039327
0.002434710051968505
-0.0019682097426739994
-0.006461395279425201
-0.010838734847213306
-0.014650719854754628
-0.017870519482868507
-0.02060393150699148
-0.022573440223253197
-0.024172285795221102
-0.02545813701699236
-0.02628930034696733
-0.026871181129027602
-0.027371307791047555
-0.027797126476854228
-0.028199191124514966
-0.02844245200609299
-0.02829794908764725
-0.028053544948306267
-0.027673372020510924
-0.027249873393594682
-0.026594356503251666
-0.025874557651228307
-0.025105452751013644
-0.024442978420467325
-0.023842155315709507
-0.02311153551745797
-0.022295041000341347
-0.021184959160339713
-0.020167584066079925
-0.019193684745824162
-0.017884786540398784
-0.016471448131525068
-0.015052442184263319
-0.013364694909958856
-0.011766763259828259
-0.00974986737715981
-0.007472268249677122
-0.005247595414833376
-0.002377958332354502
0.0002258188959285583
0.0031564607639483445
0.006874599767498974
0.009373908475428253
0.012034729352745238
0.0149901993309112
0.017014376348460356
0.0193559681638534
0.021374889747334532
0.022122666593389857
0.022462934476122787
0.020952802173082565
0.017295309641167437
0.012060661447589893
0.005430509976852864
-0.0011747092241130525
-0.006328316941937158
-0.00903603895730619
-0.008925602569052546
-0.005875115963111276
-0.00026723239885231647
0.006871810447531322
0.014565577889237824
0.021678980006879442
0.0276234683659724
0.03246253014559665
0.036196585415785736
0.038847650985896084
0.04078003928600569
0.04195039576004948
0.042391183518847825
0.04234603917375172
0.04163012488819522
0.04039140111453336
0.03886401846143792
0.03691081433046764
0.03470050425042264
0.032570248902344945
0.03046624883018486
0.028577331478754645
0.02699901190598753
0.02540392291157221
0.023993906930796227
0.022951851136121207
0.022332837607169604
0.022446972289470235
0.023243615384802494
0.024412987881702437
0.02584333912866826
0.02733839061031838
0.028726732430067625
0.029889980513088596
0.03064800579907137
0.030979788227429552
0.031027085068105226
0.030862390303156913
0.030472314146004296
0.02992228107713736
0.029304215074024212
0.028746069542434343
0.02839835026524078
0.028273726888613675
0.028473064015923748
0.029084783673986148
0.03008447904731262
0.031345140628909085
0.03265075985830925
0.03385854152791035
0.03486778079519328
0.03569544269357276
0.036350127574513565
0.036803791541001274
0.037153734953355354
0.03735612765048078
0.03740286108887419
0.037439754965777124
0.03742696071203231
0.03733809229705154
0.03719794746331599
0.036992443371390314
0.036772356341768786
0.036580961915334984
0.03643420542363056
0.036253278996892235
0.03603020283906647
-0.05472223942147754
-0.05467294358403583
-0.054607172847148756
-0.05445034775614325
-0.054251804175763196
-0.05415918795806117
-0.05416950436473526
-0.05418165888213921
-0.054175583944384924
-0.05415249950087273
-0.054114009126314956
-0.05406825280014469
-0.053963765544770295
-0.053807696993415914
-0.053688691954804635
-0.05362584868784979
-0.053594373426056385
-0.053543786920478904
-0.05343129401374395
-0.05330815068093458
-0.053208719482023874
-0.053128509961574935
-0.053082266204275176
-0.0530364639845691
-0.05297090261815476
-0.052905327889038616
-0.05283370752998227
-0.05276594272694409
-0.052718740740598326
-0.052686050872744035
-0.05265160835869541
-0.052597805372022556
-0.052525899770556994
-0.0524512315065838
-0.05239988128200513
-0.05237216134896817
-0.05232706395007737
-0.05226670003640111
-0.052228811000551816
-0.05219920164408284
-0.052152811053166784
-0.0521067588571959
-0.052066878085349606
-0.05202681262403369
-0.05202083500432719
-0.05205322475071996
-0.052070409422731036
-0.05207713255293214
-0.05207410189817933
-0.052032787928999256
-0.05200524860170998
-0.0519961911168424
-0.0519774689705179
-0.05196528517262464
-0.05190991416334025
-0.051826799819292245
-0.051786962899896045
-0.05176135952164925
-0.05174610316847727
-0.05173781557197918
-0.05170003390270319
-0.051666808395672295
-0.05164672682947517
-0.051610033542452353
-0.051561479019939335
-0.0515108768247239
-0.05148302760335984
-0.05148251479367031
-0.05146919901093009
-0.05142847722975298
-0.05138383658230383
-0.05135553441973851
-0.05134584544966503
-0.05133661540835957
-0.051300958090276606
-0.05124919589302253
-0.0512226796081749
-0.051221525591292456
-0.05120953643633347
-0.05116695945409637
-0.05110795908990627
-0.05107683586483198
-0.051081769568825465
-0.05108362029368435
-0.051056596705511624
-0.05099793247476136
-0.050953168634263454
-0.05095636592571813
-0.05096521260207883
-0.05095228160859522
-0.050909974349129736
-0.050845291817189664
-0.05081047230667283
-0.05080120926737843
-0.05077927872995913
-0.05074412130575025
-0.050681335447573195
-0.05061063436182823
-0.050589020430260444
-0.050605138535019085
-0.050607414739138844
-0.050590020036151914
-0.050571405249408445
-0.050554714524911594
-0.05054949808371076
-0.05055141859682915
-0.05054205080118044
-0.05054681711447515
-0.05057416293029031
-0.05059714697825254
-0.05062082169754364
-0.05063406246925151
-0.05065179748773284
-0.05070153764890287
-0.05072760003607141
-0.05075030942409406
-0.050826474556995356
-0.05090229748650061
-0.05098207329456963
-0.051101360269740645
-0.051202438934217644
-0.05127787176090364
-0.05136572435404797
-0.05143094663518535
-0.05145269078844197
-0.051472694163573134
-0.05151612471534519
-0.051569105648795105
-0.05162721255459519
-0.051691295461882045
-0.051722735137991645
-0.05171654433757127
-0.05171930903821627
-0.05172534526338529
-0.051715695200113425
-0.05170269285944232
-0.05167413784742255
-0.05163049414135269
-0.05159444614179887
-0.05155516566513189
-0.05150640866345303
-0.051465195206272206
-0.051424000457933244
-0.051368966798309657
-0.05131263030286
-0.05124307202312648
-0.05115064903840084
-0.05107515960517797
-0.05101113007589602
-0.05092821439811698
-0.050843160099776505
-0.05074840469732695
-0.05061244068315483
-0.050456293378676964
-0.05031867004348347
-0.05018646865582704
-0.050040867549770225
-0.04987243139224196
-0.04964835266971326
-0.04937994436495748
-0.0491091651660035
-0.04882847345289818
-0.048515485031706454
-0.04817393525005854
-0.04782868001190201
-0.04748663353538408
-0.047114091368932555
-0.04668715793120772
-0.04620113754658536
-0.04564073272206198
-0.04502390751535014
-0.04440452791592203
-0.043768963739636936
-0.043080400861407846
-0.04236144636488326
-0.04161025815437489
-0.04082198583875064
-0.040019024554020115
-0.039173105850198606
-0.03825962806795832
-0.03731806449944183
-0.03637988536256125
-0.03544617154900735
-0.03453270053621065
-0.033632098832283935
-0.032728991122939734
-0.03185203708518351
-0.030981847239408257
-0.03010455601986373
-0.02930418700156532
-0.028592334780907405
-0.02792311649372629
-0.027296417268439867
-0.026673399679101793
-0.026058679555316187
-0.02550619058160087
-0.024975855293874038
-0.02441762362714243
-0.023843206161894538
-0.02328087495268688
-0.022770680925071386
-0.022337796925239222
-0.021969562569792992
-0.02162660676753086
-0.02127158593315762
-0.020895701448625414
-0.020478148589990922
-0.019993290282715157
-0.019434948684465738
-0.018779060212567474
-0.018042155619994105
-0.017276309422559515
-0.016481264377812305
-0.01565535747010859
-0.01480851584557609
-0.013933253967734085
-0.013049397969538822
-0.012172879858867015
-0.011294137492238282
-0.010415869213644199
-0.009541614498942077
-0.008662680325052146
-0.007747876010428921
-0.0068038270467559265
-0.005883299833804302
-0.004994356180397191
-0.00415657908255792
-0.0033871993842241313
-0.0026324788657639655
-0.001881145971134738
-0.0011834001168275089
-0.0005936548479280994
-0.00014643640558021726
0.00020398986238104712
0.0005423789722578073
0.000943915759609345
0.001438401034663284
0.0019620385019012247
0.002534155960754754
0.003287727320952361
0.0041730323239046255
0.005070736312959598
0.0060353968553887825
0.007041587610972506
0.00803646171302108
0.009162760717618762
0.010382489280912907
0.01151655318960472
0.012684412578953282
0.014021818683738403
0.015424991211920772
0.01683008259428951
0.018322287883481128
0.01992067680057165
0.021502772841332007
0.02306391918432914
0.024671457553454363
0.026292842828325953
0.02798187810773098
0.029750389935264368
0.03145521275663737
0.033061266459172164
0.03466124109557839
0.036331468964756385
0.037986879755957215
0.039529525124099386
0.041069585622593364
0.04262909974084887
0.04415863060054665
0.04572980457912017
0.047259446846257686
0.04863234335024486
0.04989579011340985
0.05106346760069438
0.052197792751622556
0.05337377266778652
0.05451328579705711
0.05563141614109909
0.05676177595969671
0.057784569405313506
0.058680969861171765
0.059454731080675144
0.06010658053850818
0.06080383312704078
0.061575628335157735
0.06233674872048725
