-0.0006068567939785739,
-0.0002635967269075241,
6.388442205619091e-05,
0.0003607257931080025,
0.0006196344533691001,
0.0008353554259860403,
0.001015983727392239,
0.0011666287231033464,
0.001276728252632968,
0.0013387961617655547,
0.001355513598714432,
0.0013355454906502629,
0.0012943511908629893,
0.0012497291956743936,
0.0012130741225737567,
0.001188875101825737,
0.0011846084332685423,
0.0012079347836496585,
0.001256862814946597,
0.0013285778327285379,
0.0014237692905332707,
0.001539212151890934,
0.0016779297554140745,
0.001849924470012385,
0.002054702979928013,
0.0022868411483005,
0.002548101053462907,
0.00284630871201982,
0.0031918515409210153,
0.0035807755909963504,
0.003972717585912461,
0.004300455487527484,
0.004505357893180695,
0.0045718898084052715,
0.004538887893941767,
0.004472003588322676,
0.004436849146543959,
0.004482651527449801,
0.004615793722603897,
0.0048079031890207805,
0.0050322450218086194,
0.0052692681708753145,
0.005511673579777827,
0.005777214739355686,
0.006070839931010714,
0.0063583530098491655,
0.0066122010526298534,
0.006835280422970759,
0.0070465590180017156,
0.007287274087017261,
0.007594648853069256,
0.007957260821424979,
0.008340068082461436,
0.008717881563945559,
0.009076704877478692,
0.009421775127342798,
0.009776485810277008,
0.010172889436792499,
0.010640148804946821,
0.011207307616134978,
0.011862437224939867,
0.012456840869786325,
0.012802096971763504,
0.012877161035959539,
0.012825906893982875,
0.012861397454429671,
0.013150272362051569,
0.013679447471739199,
0.014340343084431635,
0.015090451716416434,
0.01593582014551428,
0.01687759736146145,
0.017908511003720266,
0.019003107550663586,
0.02010630630686961,
0.02113375166520183,
0.021984067185568345,
0.02256312689505273,
0.022817775540458492,
0.02275626973425872,
0.02244440589834442,
0.021983221151425484,
0.02147682385903081,
0.021006490063781524,
0.020618025960584388,
0.020323137637008007,
0.020112273348666505,
0.019966590744806157,
0.019861847085674126,
0.019772656676597642,
0.019675442559560347,
0.019547083042163026,
0.019370033440116452,
0.019139714835683153,
0.018862245093194053,
0.018548660674994385,
0.018213719316265444,
0.017872002937074652,
0.017532084882078317,
0.017198529104687613,
0.016874264106460563,
0.016558190188244313,
0.016249545681498983,
0.015953734117427818,
0.015681356588143573,
0.015448395569973856,
0.015273035681254493,
0.015169478930304785,
0.015147841569882348,
0.015214437503156434,
0.015370692160734258,
0.01561315516498906,
0.01592846819429791,
0.01628904167238879,
0.01665793101234114,
0.016993544469246852,
0.01725132896897222,
0.017391628774477814,
0.01738983076991875,
0.017236300838790842,
0.016931898065275293,
0.016489418977731124,
0.015931869296500818,
0.01528766140238432,
0.014591427566479897,
0.013878439581229219,
0.013174204428377143,
0.012496316739472199,
0.011858754155437842,
0.011270664840479094,
0.010737478853474338,
0.010261134031287828,
0.009839967010156339,
0.009472741694148853,
0.009158588197251735,
0.008893600826634826,
0.008673416222445293,
0.00849477892862328,
0.008352003460478648,
0.008235884809614865,
0.008134812585826313,
0.008035042499716878,
0.007927278161112864,
0.007814942836188398,
0.007709803536325259,
0.0076227177902288,
0.007559550657507711,
0.007518302334988526,
0.007490228324199881,
0.00746687422116324,
0.007443584630081936,
0.00741825712825667,
0.007389189653514818,
0.00735369005820906,
0.00731085005415395,
0.0072646263993192,
0.007222427376960096,
0.007192108740509849,
0.007179371780132464,
0.007184555666536805,
0.007201799959751589,
0.007222503672066201,
0.007240970115806971,
0.007257171593719804,
0.007274729139310816,
0.007296352283597176,
0.00731778256261717,
0.007326732571922644,
0.007309304747256702,
0.0072562102621186435,
0.007166044609621757,
0.00704681166879319,
0.006912112014482854,
0.006774835051584361,
0.006644342470408141,
0.006526088242969486,
0.006422146045082147,
0.006333176352294836,
0.006260368309658548,
0.0062046081452112834,
0.006164901597090397,
0.006137282297971181,
0.0061147575918366875,
0.006091082578835549,
0.006065215824899617,
0.0060420443929508835,
0.006030548691945124,
0.006039479136850715,
0.0060728861015512175,
0.0061288304089311555,
0.006200787558753019,
0.00628352296586764,
0.0063764131404304624,
0.006476138914557847,
0.006565604167397754,
0.006614395147778559,
0.006596999334236962,
0.006511797256838337,
0.006384589359763242,
0.00625493019099118,
0.006153700644145882,
0.006091861963507856,
0.006066571376269818,
0.006070085822457832,
0.006096257978364093,
0.006142064383085099,
0.006205159129392256,
0.006282476584666701,
0.006370362949326328,
0.006465958597959067,
0.006569477251205808,
0.0066857613441178585,
0.006821299269140675,
0.006980362932545564,
0.007162581504701372,
0.007361152639213534,
0.007561938987562752,
0.007744871088344113,
0.007889686765390595,
0.00798419105064797,
0.00802815324353607,
0.008031470988332087,
0.008009670670405353,
0.007975774287595046,
0.007938968273134723,
0.007907218166376288,
0.007886271097091356,
0.007878911287601886,
0.007889230259218817,
0.00792307513463591,
0.007986239377798368,
0.00808411310942028,
0.00821708293767878,
0.008383485228475896,
0.008581938363604625,
0.008813003452020816,
0.009080250339864752,
0.009381091381340839,
0.00970269248741039,
0.010027469500456087,
0.010329216661913988,
0.01058062898881883,
0.010768487604401532,
0.010892330819389753,
0.01096701287790741,
0.01101425660685176,
0.011049370685760597,
0.011082387949856443,
0.011117916913742594,
0.011159808499577328,
0.011213298731114905,
0.011280559710418752,
0.01136855199422575,
0.011489606285553391,
0.011661495883729363,
0.01191386938123842,
0.012236565771685106,
0.012556455125969188,
0.012796482897077409,
0.012939954375178697,
0.013047500099235117,
0.01324070827163653,
0.013613980655175875,
0.01416948477325206,
0.014891161661590466,
0.015761732563948506,
0.016756689841255088,
0.01788125787209293,
0.01912578714727419,
0.02049391134787118,
0.021984036298450544,
0.02355692301411328,
0.025198397545322257,
0.026844954053349697,
0.0284024104162797,
0.029813582296394886,
0.030994127709212112,
0.03186416518907832,
0.03240712270599337,
0.03258574507287883,
0.03236518999175113,
0.03176820322694884,
0.030836779806993536,
0.029635151348694416,
0.028255659500179085,
0.02679221067393536,
0.02532452195704882,
0.02392986488808322,
0.022664293483647232,
0.02154113924906801,
0.020525860764475594,
0.019552529315609416,
0.018538792587382225,
0.01743176232718082,
0.016256316569287183,
0.015080884056265325,
0.014023148920302996,
0.013194410522628005,
0.012590957717200578,
0.012173737418947124,
0.011865073227300333,
0.011567432591515174,
0.011272601661004878,
0.011013577945820275,
0.010811360466533738,
0.010696510451599724,
0.010667427681113437,
0.010694264008499517,
0.010774728753617145,
0.010910131952609316,
0.01108951100092938,
0.011307256641045338,
0.011563502244890146,
0.011853912733852723,
0.01218207571768909,
0.012560349845389689,
0.01297609029988632,
0.013437743869542803,
0.01395812231453776,
0.014522942258439189,
0.01513661056761308,
0.0157975907684753,
0.016513664349687665,
0.01728733653900629,
0.018096885397330054,
0.018970980443143014,
0.019900853695419315,
0.020876206982759774,
0.021949340307830884,
0.023112240752582922,
0.024374198724694953,
0.02582551489240254,
0.027433348614828868,
0.02921143371534786,
0.03123488010287562,
0.03341945596681972,
0.035765176948500385,
0.03834562696798293,
0.04116470611883483,
0.04426757304145531,
0.04766725358071161,
0.051251835013843,
0.054896450597406686,
0.0584630544295118,
0.061732126493733865,
0.06448206838384113,
0.06651386535646812,
0.06773872563797548,
0.06814686237524106,
0.06782657435655676,
0.06696898875414467,
0.0658424666495778,
0.06476840563760268,
0.06401033839438709,
0.06377448001567672,
0.06422308529504964,
0.06537654876479011,
0.06719243506058872,
0.0696250843093609,
0.07248985784144531,
0.07551655534221047,
0.07847347321216835,
0.08097545210879939,
0.08277388415779188,
0.08375622805481532,
0.08385053814239861,
0.08313545781659894,
0.08179894023371725,
0.08005712436444486,
0.07818423239607768,
0.07642543294483085,
0.07487663540511039,
0.07368644905212841,
0.07288045068315506,
0.0724815985802983,
0.07242130627096545,
0.0726335649560947,
0.07298614557946523,
0.07335522886240389,
0.0736157957509073,
0.07358462354663323,
0.07315275242127413,
0.07211107350004321,
0.07037178058826715,
0.06795938038506906,
0.06484881395291972,
0.061102769055813966,
0.05688308279706851,
0.05228460449189902,
0.04756852587876254,
0.04286065431844044,
0.03826021470118827,
0.03397149029191269,
0.02995295411984802,
0.026340761711790867,
0.023194520921848743,
0.020330721356259684,
0.01786004769080382,
0.015743642659049963,
0.013845240077910775,
0.012223895708349542,
0.010808904959122222,
0.009544295184365484,
0.008484161361324552,
0.007551954215488996,
0.006739895650817348,
0.006064943995509708,
0.005488423986355075,
0.0049985300423528774,
0.004573099746709397,
0.004185977867271971,
0.003817536273151384,
0.0034664421770604515,
0.0031327133263115534,
0.0028245360839927233,
0.0025591223107704693,
0.002328983995863556,
0.002133444546273889,
0.001972218001556722,
0.0018356858954394855,
0.0017227493083210338,
0.0016335475298079355,
0.0015606664460486271,
0.0015046263772909027,
0.0014662089226802873,
0.0014384318947057713,
0.0014209508199514386,
0.001414030473722756,
0.0014128199039660102,
0.001415005628086225,
0.0014208827668055744,
0.0014262464719196955,
0.001431665573548155,
0.0014386908079820691,
0.0014432769201567107,
0.0014473158808904864,
0.0014495644417150575,
0.0014468525184895863,
0.0014401840268158503,
0.001429024579690365,
0.0014129172441287835,
0.0013946070619734543,
0.0013757942046730234,
0.0013573423363054194,
0.0013404101512922606,
0.0013261197818616752,
0.0013142667560602662,
0.001304653606684358,
0.001298140187684012,
0.0012935070992883984,
0.001289917298124857,
0.0012877520770186788,
0.0012859568117687258,
0.001283842629470475,
0.001280954682164274,
0.0012769990038483125,
0.001271363645075145,
0.0012643258501927295,
0.0012568679797492507,
0.0012497538700747166,
0.0012431162217461421,
0.0012368808960036342,
0.0012319326139420535,
0.0012278420157467564,
0.0012242964062748544,
0.0012220888102586964,
0.00121975401490514,
0.001216920534720422,
0.00121496749045984,
0.0012131372891150598,
0.0012110655278439358,
0.0012090424272103942,
0.0012071505454030627,
0.0012053342457221247,
0.0012032431414966862,
0.0012015640626422339,
0.0011999061905935465,
0.0011975973263381949,
0.002628183449945011,
0.0026415038658513267,
0.002655072099175848,
0.002669983766118516,
0.002685548159942648,
0.0027002391428200207,
0.0027147534469910825,
0.002729739927465753,
0.002744874380405225,
0.002760659691167276,
0.0027770977577122008,
0.0027935410944414643,
0.0028103158387607426,
0.0028274525401045286,
0.002844535447193815,
0.002861778307521378,
0.0028792176672320963,
0.002896994589754252,
0.0029153023626776373,
0.0029337335410216893,
0.0029522782531401846,
0.0029709283724733363,
0.0029893420102974117,
0.003007814173997212,
0.003026673860188143,
0.0030458959843241025,
0.00306561041282134,
0.0030858137801457325,
0.0031063946421092943,
0.0031275724820884142,
0.0031495362811912193,
0.003172378329196121,
0.0031962673564047374,
0.003220971759167286,
0.003246352244351496,
0.003272921737713731,
0.0033010446241373485,
0.003330794498202026,
0.003362034884612114,
0.0033945399352682246,
0.003428746901871755,
0.0034650761553856576,
0.003503448969690843,
0.0035439156572848285,
0.003586253509687301,
0.0036299443478399833,
0.003674810600097378,
0.0037203870864431048,
0.003765561884628158,
0.003809176212733507,
0.0038499914895115477,
0.003887178927108809,
0.003920706570088202,
0.003950990902513213,
0.003978849896217527,
0.004004705788275508,
0.0040290233573540115,
0.0040531510880276195,
0.004077793496538297,
0.004103149997063033,
0.004129713917825242,
0.004157205669912609,
0.004185416381092002,
0.0042145718469742055,
0.004244076598484953,
0.004273266377941461,
0.004301883388357112,
0.004329899979079094,
0.00435766348529166,
0.004385007359845065,
0.004411463658898904,
0.00443711289114784,
0.004462002751701988,
0.0044864084329052974,
0.004510946991741726,
0.004535504260629745,
0.004559997005229237,
0.004585212428780704,
0.00461158647369815,
0.004638807590423623,
0.004666641872172177,
0.004694792505426367,
0.004722940461425356,
0.00475151546128874,
0.00478080863722858,
0.004810086456837929,
0.004838834101377075,
0.004867165699952578,
0.00489508102694377,
0.0049228280969633095,
0.004950823350395261,
0.004978687165409669,
0.005006004452457431,
0.005033355241740055,
0.005060979412415709,
0.005088418009864299,
0.00511569786842906,
0.0051425311720451694,
0.005168278420539753,
0.0051934657623755025,
0.005218903173766036,
0.005244249820628842,
0.005268916434932499,
0.0052930846369106666,
0.005317028059069099,
0.005340756752706764,
0.005364402724257296,
0.0053876169831471405,
0.005409958014285435,
0.005431901736033836,
0.005453805014707065,
0.005475666198456191,
0.005497717791404669,
0.00552016593590291,
0.005543206229482766,
0.00556651305350996,
0.005589752027750066,
0.005613358761938729,
0.005637370416766479,
0.0056614436949530885,
0.005685580155149451,
0.005709819300506885,
0.00573428974243436,
0.005759296393946379,
0.00578490965269113,
0.005810743615799231,
0.005836625463944807,
0.005863074052703802,
0.005890372138373149,
0.005918545360680312,
0.005948183469221705,
0.005979394799817632,
0.006011795869047805,
0.006045721757137232,
0.006081324540291598,
0.006118535080499655,
0.006157839913557225,
0.006199140745033015,
0.006241961511167036,
0.006286660398915258,
0.0063334849992493746,
0.006382161800023678,
0.006432464801191196,
0.006483961182417935,
0.006536332385735529,
0.006589850676897633,
0.00664472962777041,
0.006700442917543594,
0.006756523449940521,
0.0068131160648736795,
0.0068701580028012205,
0.006927547500829323,
0.006985290191270913,
0.007042822939783278,
0.007099585269410832,
0.007155461102792387,
0.007210305929710005,
0.007264113241274148,
0.007316798974481519,
0.007367826974421895,
0.007416825748420075,
0.007463790716410932,
0.007508753646735424,
0.0075515477182681616,
0.007592050235891735,
0.007630536575221245,
0.007667257138021899,
0.0077021659043971956,
0.007734722434161984,
0.007764083224473491,
0.007789935697168217,
0.00781272414769136,
0.007833777082533749,
0.00785450767026085,
0.007875445394489042,
0.007896845048339112,
0.007918672188979778,
0.007940783619035368,
0.007963690574458733,
0.007987556526010102,
0.008011911460321737,
0.008036701708194236,
0.00806198855095431,
0.008087869022813502,
0.00811466609879452,
0.008142039683631818,
0.008169532404507327,
0.00819732576055726,
0.008224813541584837,
0.008250768157908185,
0.008275133997239207,
0.008297984413326142,
0.008318888781250913,
0.0083381765130698,
0.008355787257034659,
0.008371107939631358,
0.008384731398793236,
0.008396891569021292,
0.008406351232285525,
0.008412435805133848,
0.00841515324456545,
0.008414453294661374,
0.008410454775240484,
0.008403393452810326,
0.00839357598744884,
0.008381151942879195,
0.008366806617586327,
0.00835164415982754,
0.00833638403447985,
0.008321854114237822,
0.008308531748608426,
0.008296721637111393,
0.008286761459791899,
0.008277914358330961,
0.008269405355591623,
0.00826090042850959,
0.008252043129191429,
0.008243371978266438,
0.008235037150786226,
0.008226296184323004,
0.008216702039063892,
0.008205261704784746,
0.008190689277105758,
0.008171490288293249,
0.008145947637167188,
0.008113317789174344,
0.008072918871933775,
0.008024012512922072,
0.007966894799617133,
0.007901014942361414,
0.007824483608749166,
0.007737199854850062,
0.007641180713128298,
0.007539263930859732,
0.007435032757190444,
0.007331475798934977,
0.007230129387007003,
0.007132077766276684,
0.007038516549179071,
0.006949280397427255,
0.006862099987514877,
0.006775828324174198,
0.006691166196787368,
0.0066069357222224255,
0.00652163792610933,
0.006435541269743398,
0.006347793016916666,
0.006257101903079078,
0.006163356175837698,
0.0060660986530576555,
0.005963744270568566,
0.005856122001842967,
0.005746267757568978,
0.0056354849644953435,
0.005522832944445859,
0.005409915727929115,
0.005297720728809508,
0.005186175719579335,
0.005077397718140407,
0.0049711272635800845,
0.004864602127903385,
0.004757773857135914,
0.004652313206257476,
0.004549168387329058,
0.004447138600303689,
0.004343140465867797,
0.004235751925236667,
0.0041255619895280244,
0.004013881084003453,
0.0039019888735017405,
0.0037882926330646675,
0.0036700772287677364,
0.003547092219265236,
0.0034199522183871577,
0.0032899108008108014,
0.0031576219304084384,
0.0030202972717538355,
0.002876421363528719,
0.002727154413141833,
0.00257239634654192,
0.0024121429383436896,
0.002245553532696379,
0.0020716359732582427,
0.0018927797733440754,
0.0017110449956162213,
0.0015261224764836526,
